# BRON: KONINKLIJK NEDERLANDS METEOROLOGISCH INSTITUUT (KNMI)
# Opmerking: door stationsverplaatsingen en veranderingen in waarneemmethodieken zijn deze tijdreeksen van dagwaarden mogelijk inhomogeen! Dat betekent dat deze reeks van gemeten waarden niet geschikt is voor trendanalyse. Voor studies naar klimaatverandering verwijzen we naar de gehomogeniseerde reeks maandtemperaturen van De Bilt <http://www.knmi.nl/kennis-en-datacentrum/achtergrond/gehomogeniseerde-reeks-maandtemperaturen-de-bilt> of de Centraal Nederland Temperatuur <http://www.knmi.nl/kennis-en-datacentrum/achtergrond/centraal-nederland-temperatuur-cnt>.
# 
# 
# STN      LON(east)   LAT(north)     ALT(m)  NAME
# 215:         4.437       52.141      -1.10  VOORSCHOTEN
# 
# YYYYMMDD = Datum (YYYY=jaar MM=maand DD=dag); 
# TG       = Etmaalgemiddelde temperatuur (in 0.1 graden Celsius); 
# TN       = Minimum temperatuur (in 0.1 graden Celsius); 
# TX       = Maximum temperatuur (in 0.1 graden Celsius); 
# 
# STN,YYYYMMDD,   TG,   TN,   TX
# 
  215,20160101,   49,   -5,   81
  215,20160102,   62,   49,   73
  215,20160103,   72,   53,   89
  215,20160104,   65,   45,   78
  215,20160105,   69,   63,   77
  215,20160106,   46,   36,   66
  215,20160107,   64,   42,   87
  215,20160108,   60,   16,   89
  215,20160109,   60,   17,   85
  215,20160110,   69,   46,   87
  215,20160111,   55,   34,   76
  215,20160112,   68,   55,   79
  215,20160113,   56,   23,   76
  215,20160114,   41,   26,   66
  215,20160115,   30,    8,   50
  215,20160116,   42,    6,   62
  215,20160117,   -1,  -43,   35
  215,20160118,  -23,  -42,    2
  215,20160119,  -12,  -66,   23
  215,20160120,   20,  -32,   60
  215,20160121,   -6,  -47,   13
  215,20160122,   20,  -20,   84
  215,20160123,   79,   63,  101
  215,20160124,   87,   56,  118
  215,20160125,  108,   84,  139
  215,20160126,   90,   54,  107
  215,20160127,  108,   82,  119
  215,20160128,   68,   51,   89
  215,20160129,   94,   65,  107
  215,20160130,   77,   55,   98
  215,20160131,   76,   57,  109
  215,20160201,  112,  101,  121
  215,20160202,   87,   65,  108
  215,20160203,   56,   37,   70
  215,20160204,   59,   22,   79
  215,20160205,   90,   41,  109
  215,20160206,   97,   86,  108
  215,20160207,   84,   63,  121
  215,20160208,   87,   71,   99
  215,20160209,   60,   41,   83
  215,20160210,   58,   39,   80
  215,20160211,   41,  -11,   76
  215,20160212,   27,  -26,   61
  215,20160213,   20,  -17,   41
  215,20160214,   25,   19,   31
  215,20160215,   24,  -34,   66
  215,20160216,    2,  -51,   60
  215,20160217,  -12,  -49,   36
  215,20160218,   11,  -38,   26
  215,20160219,   42,  -28,   84
  215,20160220,   85,   51,  106
  215,20160221,  104,   87,  113
  215,20160222,   70,   42,  110
  215,20160223,   50,   23,   77
  215,20160224,   24,  -17,   67
  215,20160225,   25,   -7,   54
  215,20160226,   29,    9,   58
  215,20160227,   30,    5,   63
  215,20160228,   28,   -7,   67
  215,20160229,   15,  -36,   64
  215,20160301,   34,  -49,   88
  215,20160302,   55,   26,   90
  215,20160303,   37,   -1,   77
  215,20160304,   22,  -22,   65
  215,20160305,   23,  -36,   79
  215,20160306,   33,   -9,   68
  215,20160307,   27,   -2,   60
  215,20160308,   44,   -3,   76
  215,20160309,   53,   25,   84
  215,20160310,   45,   -7,   88
  215,20160311,   41,    7,   84
  215,20160312,   40,   -6,   93
  215,20160313,   41,   -3,   90
  215,20160314,   42,   -2,   91
  215,20160315,   49,  -14,   79
  215,20160316,   51,   16,   95
  215,20160317,   56,   14,  112
  215,20160318,   56,   32,   73
  215,20160319,   64,   54,   80
  215,20160320,   66,   32,   93
  215,20160321,   72,   62,   89
  215,20160322,   73,   42,  100
  215,20160323,   76,   59,   97
  215,20160324,   79,   59,  105
  215,20160325,   66,    3,   97
  215,20160326,   94,   -1,  150
  215,20160327,   87,   64,  129
  215,20160328,   92,   76,  114
  215,20160329,   82,   58,  111
  215,20160330,   80,   51,  104
  215,20160331,   77,   36,  121
  215,20160401,   68,   -6,  134
  215,20160402,  103,   67,  128
  215,20160403,  139,  116,  173
  215,20160404,  120,   82,  150
  215,20160405,   94,   67,  120
  215,20160406,   85,   46,  109
  215,20160407,   76,   38,   98
  215,20160408,   60,   10,  113
  215,20160409,   92,   17,  149
  215,20160410,  102,   45,  143
  215,20160411,  131,   79,  180
  215,20160412,  109,   49,  159
  215,20160413,   97,   39,  153
  215,20160414,  106,   35,  162
  215,20160415,  101,   83,  132
  215,20160416,   78,   49,  104
  215,20160417,   63,   10,  104
  215,20160418,   83,    8,  122
  215,20160419,   88,   18,  122
  215,20160420,   79,    0,  135
  215,20160421,  100,   36,  153
  215,20160422,   87,   64,  117
  215,20160423,   63,   32,   95
  215,20160424,   52,   11,   88
  215,20160425,   57,   13,   86
  215,20160426,   55,   30,   84
  215,20160427,   60,   30,   87
  215,20160428,   48,   -1,   85
  215,20160429,   79,   43,  112
  215,20160430,   71,   13,  102
  215,20160501,   66,   -6,  123
  215,20160502,  104,    0,  165
  215,20160503,   88,   29,  119
  215,20160504,   97,   16,  161
  215,20160505,  128,   44,  180
  215,20160506,  157,   95,  230
  215,20160507,  182,   86,  252
  215,20160508,  197,  130,  250
  215,20160509,  197,  141,  239
  215,20160510,  181,  156,  209
  215,20160511,  197,  141,  247
  215,20160512,  199,  144,  248
  215,20160513,  144,   86,  215
  215,20160514,   88,   67,  118
  215,20160515,   85,   54,  117
  215,20160516,   90,   59,  123
  215,20160517,  122,   64,  161
  215,20160518,  129,   89,  178
  215,20160519,  126,  100,  168
  215,20160520,  136,  111,  168
  215,20160521,  169,  111,  225
  215,20160522,  139,  117,  173
  215,20160523,  117,  104,  135
  215,20160524,  109,   98,  134
  215,20160525,  114,   73,  151
  215,20160526,  123,   51,  173
  215,20160527,  158,  111,  208
  215,20160528,  168,  104,  209
  215,20160529,  166,  140,  203
  215,20160530,  137,  131,  147
  215,20160531,  177,  131,  219
  215,20160601,  157,  130,  194
  215,20160602,  130,  121,  141
  215,20160603,  137,  122,  157
  215,20160604,  184,  127,  242
  215,20160605,  172,  110,  221
  215,20160606,  172,  110,  223
  215,20160607,  196,  136,  256
  215,20160608,  147,  120,  184
  215,20160609,  136,   90,  165
  215,20160610,  148,   84,  193
  215,20160611,  154,  125,  198
  215,20160612,  164,  127,  215
  215,20160613,  152,  144,  173
  215,20160614,  150,  116,  183
  215,20160615,  146,   96,  187
  215,20160616,  151,   97,  194
  215,20160617,  154,  122,  188
  215,20160618,  132,   97,  159
  215,20160619,  155,  117,  195
  215,20160620,  157,  144,  165
  215,20160621,  157,  115,  193
  215,20160622,  197,  113,  250
  215,20160623,  205,  179,  267
  215,20160624,  175,  118,  205
  215,20160625,  146,   97,  185
  215,20160626,  154,  116,  179
  215,20160627,  151,  110,  178
  215,20160628,  151,   92,  202
  215,20160629,  158,  135,  198
  215,20160630,  161,  146,  182
